[[0.         0.         0.         0.         0.         0.
  0.         0.         0.         0.         0.         0.
  0.         0.         0.         0.        ]
 [0.12072893 0.         0.         0.         0.         0.
  0.         0.         0.         0.         0.         0.
  0.         0.         0.         0.        ]
 [0.42315369 0.202      0.         0.         0.         0.
  0.         0.         0.         0.         0.         0.
  0.         0.         0.         0.        ]
 [0.23988439 0.26294821 0.15698925 0.         0.         0.
  0.         0.         0.         0.         0.         0.
  0.         0.         0.         0.        ]
 [0.11345646 0.63157895 0.19058296 0.33513514 0.         0.
  0.         0.         0.         0.         0.         0.
  0.         0.         0.         0.        ]
 [0.13235294 0.09254144 0.18462549 0.06001396 0.05808258 0.
  0.         0.         0.         0.         0.         0.
  0.         0.         0.         0.        ]
 [0.14858706 0.19832985 0.19877408 0.09375    0.12526096 0.38888889
  0.         0.         0.         0.         0.         0.
  0.         0.         0.         0.        ]
 [0.08348135 0.09450549 0.10276074 0.07407407 0.0726817  0.16918845
  0.1344086  0.         0.         0.         0.         0.
  0.         0.         0.         0.        ]
 [0.11078287 0.09589041 0.11096774 0.08052434 0.07750473 0.20866142
  0.18718381 0.17884914 0.         0.         0.         0.
  0.         0.         0.         0.        ]
 [0.06639839 0.06091371 0.08305085 0.05341246 0.05135952 0.12970711
  0.10325581 0.50561798 0.1096563  0.         0.         0.
  0.         0.         0.         0.        ]
 [0.11917098 0.09009009 0.16226784 0.05724299 0.05771496 0.3304721
  0.27740986 0.12772586 0.15739868 0.11529933 0.         0.
  0.         0.         0.         0.        ]
 [0.13841202 0.08955224 0.1641791  0.06618532 0.06674757 0.32777778
  0.27848101 0.15102481 0.20178926 0.11525424 0.29051217 0.
  0.         0.         0.         0.        ]
 [0.1092832  0.08051948 0.13592233 0.05631868 0.0467033  0.30635838
  0.24223602 0.16421569 0.15677966 0.15079365 0.21367521 0.21193772
  0.         0.         0.         0.        ]
 [0.13734777 0.08731809 0.17454068 0.06280875 0.05414909 0.5191886
  0.3902439  0.15153584 0.21609043 0.11519778 0.34896811 0.47346657
  0.28073511 0.         0.         0.        ]
 [0.12307692 0.07632399 0.14142678 0.0519263  0.05076142 0.24621461
  0.19296811 0.17416546 0.16401469 0.13023256 0.17231897 0.18867925
  0.18814969 0.22555411 0.         0.        ]
 [0.13594891 0.09574468 0.166236   0.06150794 0.05666004 0.43251534
  0.30473576 0.20172911 0.21341463 0.14243902 0.28528753 0.2739521
  0.25296443 0.38626866 0.22476675 0.        ]]
